1 0 4
2 0 2
3 0 1
4 0 4
5 0 2
6 0 2
7 0 1
8 9 1
9 14 1
10 21 1
11 28 1
12 31 1
13 32 1
14 35 1
15 37 1
16 44 2
17 51 1
18 56 2
19 59 1
20 60 2
21 62 3
22 65 4
23 74 1
24 75 3
25 75 2
26 82 1
27 87 2
28 95 1
29 104 1
30 110 3
31 112 2
32 114 1
33 118 2
34 120 1
35 123 1
36 123 1
37 123 2
38 132 1
39 141 1
40 150 2
41 153 1
42 160 1
43 166 1
44 170 3
45 170 1
46 171 1
47 178 1
48 186 2
49 186 1
50 187 2
51 190 1
52 198 2
53 198 1
54 206 1
55 210 1
56 211 3
57 219 1
58 223 1
59 226 1
60 232 2
61 240 1
62 242 2
63 248 1
64 254 2
-1
